# What each character's achievements said, and when. Not shipped.
# Safe to delete, at the cost of one cold pass -- which is not cheap here.
abruaz-raden	2026-09-11 14:42:32	2232	399,400,401,402,403,404,405,406,407,1159,1160,1161,1174,2090,2091,2092,2093,5266,5267
acx-raden	2026-09-11 14:42:22	2640	399,400,401,402,403,404,405,406,407,1159,1160,1161,1174,2090,2091,2092,2093,5266,5267
adamandsteve-immerseus	2026-09-11 14:42:41	2142	399,400,401,1159,1174
aerzkei-arugal-au	2026-09-11 14:42:24	2535	399,400,401,402,403,404,405,406,407,1159,1160,1161,1174,2090,2091,2092,2093,5266,5267
akimboyo-pagle	2026-09-11 14:42:36	2186	399,400,401,402,403,405,1159,1160,1174,2090,2092,2093
altmw-pagle	2026-09-11 14:42:23	2529	399,400,401,402,403,404,405,406,407,1159,1160,1161,1174,2090,2091,2092,2093,5266,5267
arenaelun-pagle	2026-09-11 14:42:42	2136	399,400,401,402,403,404,405,406,407,1159,1160,1174,2090,2092,2093
argios-nazgrim	2026-09-11 14:42:43	2131	399,400,401,402,403,405,1159,1174,2090,2092,2093
ashkaash-raden	2026-09-11 14:42:36	2240	399,400,401,402,403,404,405,406,407,1159,1160,1161,1174,2090,2091,2092,2093,5266,5267
ashvrael-pagle	2026-09-11 14:42:36	2200	399,400,401,402,403,404,405,406,407,1159,1160,1161,1174,2090,2091,2092,2093,5266,5267
atreyuz-galakras	2026-09-11 14:42:36	2200	399,400,401,402,403,404,405,406,407,1159,1160,1161,1174,2090,2092,2093,5266
Åuditore-raden	2026-09-11 14:42:27	2335	399,400,401,402,403,404,405,406,407,1159,1160,1161,1174,2090,2091,2092,2093,5266,5267
aureateblue-raden	2026-09-11 14:42:22	2563	
autotrap-raden	2026-09-11 14:42:29	2265	
babycool-raden	2026-09-11 14:42:25	2383	
badraztas-raden	2026-09-11 14:42:31	2253	399,400,401,402,403,405,406,1159,1160,1174,2090,2091,2092,2093,5266,5267
bagelcavee-immerseus	2026-09-11 14:42:34	2311	399,400,401,402,403,405,406,1159,1160,1174,2090,2091,2092,2093,5266
baíleyjay-arugal-au	2026-09-11 14:42:34	2209	399,400,401,402,403,1159,1174,2090
bâz-arugal-au	2026-09-11 14:42:24	2590	399,400,401,402,403,404,405,406,407,1159,1160,1161,1174,2090,2091,2092,2093,5266,5267
bcbg-raden	2026-09-11 14:42:42	2136	399,400,401,402,403,404,405,406,407,1159,1160,1174,2090,2091,2092,2093,5266
beabo-raden	2026-09-11 14:42:41	2156	399,400,401,402,403,404,405,406,407,1159,1160,1161,1174,2090,2091,2092,2093,5266
becky-raden	2026-09-11 14:42:22	2581	399,400,401,402,403,404,405,406,407,1159,1160,1161,1174,2090,2091,2092,2093,5266,5267
bigdkslams-raden	2026-09-11 14:42:43	2125	399,400,401,402,403,404,405,406,407,1159,1160,1161,1174,2090,2092,2093,5266
bigf-arugal-au	2026-09-11 14:42:27	2343	399,400,401,402,403,404,405,406,407,1159,1160,1174,2090,2092,2093,5266
bígmac-pagle	2026-09-11 14:42:32	2228	399,400,401,402,403,405,406,407,1159,1160,1174,2090,2092,2093,5266,5267
bistwo-pagle	2026-09-11 14:42:27	2305	
bistwo-raden	2026-09-11 14:42:22	2528	
blackgoku-raden	2026-09-11 14:42:33	2221	399,400,401,402,403,404,405,406,407,1159,1160,1161,1174,2090,2091,2092,2093,5266,5267
bllackrat-raden	2026-09-11 14:42:40	2156	399,400,401,402,403,404,405,406,407,1159,1160,1174,2090,2092,2093,5266
bocena-pagle	2026-09-11 14:42:38	2179	399,400,401,402,403,405,1159,1160,1174,2090,2092,2093,5266
bocenax-pagle	2026-09-11 14:42:42	2138	399,400,401,402,403,405,1159,1160,1174,2090,2092,2093,5266
bofisticuffs-pagle	2026-09-11 14:42:31	2255	399,400,401,402,403,405,1159,1160,1174,2090,2092,2093,5266
bojackalxx-pagle	2026-09-11 14:42:37	2180	399,400,401,402,403,405,1159,1160,1174,2090,2092,2093,5266
boltboy-raden	2026-09-11 14:42:24	2456	399,400,401,402,403,405,406,1159,1160,1174,2090,2091,2092,2093,5266
boltsboy-raden	2026-09-11 14:42:33	2456	399,400,401,402,403,405,406,1159,1160,1174,2090,2091,2092,2093,5266
boofed-raden	2026-09-11 14:42:42	2139	399,400,401,402,403,405,406,407,1159,1160,1174,2090,2091,2092,2093,5266,5267
booshen-raden	2026-09-11 14:42:22	2569	
boxxerx-raden	2026-09-11 14:42:30	2262	399,400,401,402,403,404,405,406,407,1159,1160,1161,1174,2090,2091,2092,2093,5266,5267
brotherqt-raden	2026-09-11 14:42:38	2172	399,400,401,402,403,405,1159,1160,1174,2090,2092,2093
brutality-galakras	2026-09-11 14:42:40	2170	399,400,401,402,403,404,405,406,407,1159,1160,1174,2090,2091,2092,2093
buryniceqt-raden	2026-09-11 14:42:25	2401	399,400,401,402,403,405,406,1159,1160,1174,2090,2091,2092,2093,5266
cashpoorxlm-raden	2026-09-11 14:42:39	2169	399,400,401,402,403,405,1159,1160,1174,2090,2091,2092,2093,5266
cathdru-raden	2026-09-11 14:42:34	2204	399,400,401,1159,1174,2090,2093
chilloutboii-galakras	2026-09-11 14:42:36	2201	399,400,401,402,403,1159,1174,2090,2092,2093
chinotonic-pagle	2026-09-11 14:42:30	2275	399,400,401,402,403,405,406,1159,1160,1174,2090,2091,2092,2093,5266
chiokeme-arugal-au	2026-09-11 14:42:36	2189	399,400,401,402,403,405,406,407,1159,1160,1174,2090,2091,2092,2093,5266
chonkars-raden	2026-09-11 14:42:26	2334	
chunkyhealz-galakras	2026-09-11 14:42:35	2206	399,400,401,402,403,1159,1174,2090,2093
cmw-raden	2026-09-11 14:42:29	2304	399,400,401,402,403,404,405,406,407,1159,1160,1161,1174,2090,2091,2092,2093,5266
cobear-pagle	2026-09-11 14:42:40	2170	399,400,401,402,403,404,405,406,407,1159,1160,1161,1174,2090,2091,2092,2093
compassiion-raden	2026-09-11 14:42:40	2158	399,400,401,402,403,404,405,406,407,1159,1160,1174,2090,2092,2093,5266
cripton-raden	2026-09-11 14:42:25	2399	399,400,401,402,403,405,406,1159,1160,1174,2090,2091,2092,2093,5266
critwo-pagle	2026-09-11 14:42:27	2304	
cruisin-raden	2026-09-11 14:42:32	2234	399,400,401,402,403,405,406,407,1159,1160,1174,2090,2091,2092,2093,5266,5267
cupidxp-raden	2026-09-11 14:42:41	2149	399,400,401,402,403,405,1159,1160,1174,2090,2091,2092,2093
daburghcuz-pagle	2026-09-11 14:42:41	2141	399,400,401,402,403,404,405,406,407,1159,1160,1174,2090,2092,2093
dakini-raden	2026-09-11 14:42:27	2316	399,400,401,402,403,405,1159,1160,1174,2090,2091,2092,2093,5266
damacus-raden	2026-09-11 14:42:27	2332	399,400,401,402,403,405,406,407,1159,1160,1174,2090,2092,2093,5266
dankenbrew-lei-shen	2026-09-11 14:42:34	2204	399,400,401,402,403,405,406,1159,1160,1174,2090,2092,2093,5266
dankorbs-pagle	2026-09-11 14:42:38	2173	399,400,401,402,403,405,406,1159,1160,1174,2090,2092,2093,5266
darknuns-pagle	2026-09-11 14:42:41	2141	399,400,401,402,403,405,1160,1174,2090,2093
ddk-pagle	2026-09-11 14:42:28	2309	399,400,401,402,403,405,1159,1160,1174,2090,2092,2093,5266
deathsvoice-lei-shen	2026-09-11 14:42:43	2127	399,400,401,402,403,405,1159,1160,1174,2090,2093
deepwounds-raden	2026-09-11 14:42:24	2503	399,400,401,402,403,405,406,407,1159,1160,1174,2090,2091,2092,2093,5266,5267
defeated-raden	2026-09-11 14:42:38	2173	399,400,401,402,403,405,406,1159,1160,1174,2090,2091,2092,2093,5266,5267
delané-raden	2026-09-11 14:42:41	2141	399,400,401,402,403,405,1159,1160,1174,2090,2092,2093
delvina-raden	2026-09-11 14:42:41	2141	399,400,401,402,403,404,405,406,407,1159,1160,1174,2090,2092,2093,5266
demonhome-raden	2026-09-11 14:42:25	2430	399,400,401,402,403,404,405,406,407,1159,1160,1161,1174,2090,2091,2092,2093,5266,5267
devz-pagle	2026-09-11 14:42:35	2204	399,400,401,402,403,404,405,406,407,1159,1160,1174,2090,2091,2092,2093,5266
diaozhale-pagle	2026-09-11 14:42:22	2522	
diddyjones-pagle	2026-09-11 14:42:25	2409	399,400,401,402,403,404,405,406,407,1159,1160,1161,1174,2090,2091,2092,2093,5266,5267
diella-raden	2026-09-11 14:42:33	2221	399,400,401,402,403,404,405,406,407,1159,1160,1161,1174,2090,2091,2092,2093
dirtysoap-raden	2026-09-11 14:42:31	2243	399,400,401,402,403,405,406,1159,1160,1174,2090,2091,2092,2093,5266,5267
Ðjsnake-raden	2026-09-11 14:42:32	2225	
dojamonktwo-pagle	2026-09-11 14:42:25	2396	399,400,401,402,403,405,1159,1160,1174,2090,2091,2092,2093,5266
dojareborn-pagle	2026-09-11 14:42:31	2243	399,400,401,402,403,405,1159,1160,1174,2090,2091,2092,2093,5266
droqtt-raden	2026-09-11 14:42:40	2162	399,400,401,402,403,405,1159,1174,2090,2092,2093
drøse-raden	2026-09-11 14:42:37	2183	399,400,401,402,403,405,1159,1160,1174,2090,2092,2093,5266
Ðßøzxs-raden	2026-09-11 14:42:42	2131	399,400,401,402,403,405,1159,1160,1174,2090,2091,2092,2093,5266
dunkyb-raden	2026-09-11 14:42:42	2139	399,400,401,402,403,405,406,407,1159,1160,1174,2090,2091,2092,2093,5266,5267
dwl-raden	2026-09-11 14:42:36	2197	399,400,401,402,403,405,406,1159,1160,1174,2090,5266
edshearin-pagle	2026-09-11 14:42:43	2129	399,400,401,402,403,1159,1174,2090,2092,2093
eka-raden	2026-09-11 14:42:28	2309	399,400,401,402,403,405,1159,1160,1174,2090,2091,2092,2093,5266
elcubano-raden	2026-09-11 14:42:34	2208	399,400,401,402,403,404,405,406,407,1159,1160,1161,1174,2090,2091,2092,2093,5266,5267
eldiablobbx-raden	2026-09-11 14:42:36	2544	399,400,401,402,403,405,406,407,1159,1160,1174,2090,2091,2092,2093,5266,5267
electabuzz-raden	2026-09-11 14:42:31	2238	399,400,401,402,403,404,405,406,407,1159,1160,1161,1174,2090,2091,2092,2093,5266,5267
eljuandiego-pagle	2026-09-11 14:42:38	2179	399,400,401,402,403,405,1159,1160,1174,2090,2091,2092,2093,5266,5267
elyandris-raden	2026-09-11 14:42:32	2309	399,400,401,402,403,405,406,1159,1160,1174,2090
erroo-raden	2026-09-11 14:42:41	2137	399,400,401,1174
eustaquio-raden	2026-09-11 14:42:26	2382	399,400,401,402,403,405,406,407,1159,1160,1174,2090,2092,2093,5266
exxor-raden	2026-09-11 14:42:42	2138	399,400,401,402,403,405,406,407,1159,1160,1174,2090,2091,2092,2093,5266
eziø-raden	2026-09-11 14:42:26	2391	399,400,401,402,403,404,405,406,407,1159,1160,1161,1174,2090,2091,2092,2093,5266,5267
faex-arugal-au	2026-09-11 14:42:24	2522	399,400,401,402,403,404,405,406,407,1159,1160,1174,2090,2092,2093,5266
faiderh-nazgrim	2026-09-11 14:42:31	2255	399,400,401,402,403,405,1159,1160,1174,2090,2091,2092,2093,5266
faiders-raden	2026-09-11 14:42:28	2298	399,400,401,402,403,405,1159,1160,1174,2090,2091,2092,2093,5266
farminaura-pagle	2026-09-11 14:42:26	2391	399,400,401,402,403,404,405,406,407,1159,1160,1161,1174,2090,2091,2092,2093,5266,5267
fatgirlsxxl-raden	2026-09-11 14:42:35	2203	399,400,401,402,403,404,405,406,407,1159,1160,1161,1174,2090,2091,2092,2093
feliixthecat-lei-shen	2026-09-11 14:42:28	2296	399,400,401,402,403,405,406,407,1159,1160,1174,2090,2091,2092,2093,5266
fellixthecat-lei-shen	2026-09-11 14:42:38	2171	399,400,401,402,403,405,406,407,1159,1160,1174,2090,2091,2092,2093,5266
fellixthecat-pagle	2026-09-11 14:42:30	2281	399,400,401,402,403,405,406,407,1159,1160,1174,2090,2091,2092,2093,5266
fhiziod-raden	2026-09-11 14:42:38	2176	399,400,401,402,403,404,406,407,1159,1161,1174,2090,2091,2092,2093
firecano-raden	2026-09-11 14:42:25	2404	399,400,401,402,403,404,405,406,407,1159,1160,1161,1174,2090,2091,2092,2093,5266,5267
fistofdiddy-pagle	2026-09-11 14:42:38	2174	399,400,401,402,403,405,406,407,1159,1160,1174,2090,2091,2092,2093
flato-raden	2026-09-11 14:42:40	2154	399,400,401,402,403,405,1159,1160,1174,2090
flatsixx-pagle	2026-09-11 14:42:34	2203	399,400,401,402,1159,1174,2090,2092,2093
forbes-pagle	2026-09-11 14:42:37	2190	399,400,401,402,403,404,405,406,407,1159,1160,1174,2090,2091,2092,2093,5266
fotmwarrs-raden	2026-09-11 14:42:38	2175	399,400,401,402,403,405,1159,1160,1174,2090,2091,2092,2093
fotosyntetic-raden	2026-09-11 14:42:40	2158	399,400,401,402,403,404,405,406,407,1159,1160,1174,2090,2092,2093
frenzywinz-raden	2026-09-11 14:42:38	2171	399,400,401,402,403,405,406,1159,1160,1174,2090,2091,2092,2093,5266
gamßezee-raden	2026-09-11 14:42:27	2330	399,400,401,402,403,404,405,406,407,1159,1160,1161,1174,2090,2091,2092,2093,5266,5267
gånnicus-raden	2026-09-11 14:42:22	2644	399,400,401,402,403,405,406,1159,1160,1174,2090,2091,2092,2093,5266,5267
garbagedruid-raden	2026-09-11 14:42:41	2153	399,400,401,402,403,404,405,406,407,1159,1160,1161,1174,2090,2091,2092,2093,5266,5267
gcsurv-raden	2026-09-11 14:42:42	2130	399,400,401,402,403,405,1160,1174,2090,2091,2092,2093,5266,5267
gigasimpx-pagle	2026-09-11 14:42:42	2132	399,400,401,402,403,405,406,407,1159,1160,1174,2090,2091,2092,2093,5266
gnarlyshotz-pagle	2026-09-11 14:42:43	2126	399,400,401,402,403,404,405,406,407,1159,1160,1174,2090,2091,2092,2093
goofygoofer-raden	2026-09-11 14:42:43	2123	399,400,401,402,403,1159,1174,2090,2092,2093
gørdàwg-pagle	2026-09-11 14:42:31	2238	
gordonslaya-pagle	2026-09-11 14:42:30	2282	399,400,401,402,403,405,406,407,1159,1160,1174,2090,2091,2092,2093,5266
grêéñ-arugal-au	2026-09-11 14:42:32	2231	399,400,401,402,403,405,1159,1160,1174,2090,2092,2093
griffdk-raden	2026-09-11 14:42:27	2366	399,400,401,402,403,404,405,406,407,1159,1160,1161,1174,2090,2091,2092,2093,5266,5267
griff-raden	2026-09-11 14:42:22	2632	399,400,401,402,403,404,405,406,407,1159,1160,1161,1174,2090,2091,2092,2093,5266,5267
guesswho-pagle	2026-09-11 14:42:24	2437	399,400,401,402,403,405,1159,1160,1174,2090,2091,2092,2093,5266,5267
guhnup-pagle	2026-09-11 14:42:31	2237	399,400,401,402,403,404,405,406,407,1159,1160,1174,2090,2092,2093,5266
gúrú-pagle	2026-09-11 14:42:36	2200	399,400,401,402,403,404,405,406,407,1159,1160,1161,1174,2090,2091,2092,2093,5266,5267
hairyarms-raden	2026-09-11 14:42:36	2198	399,400,401,402,403,404,405,406,407,1159,1160,1174,2090,2092,2093,5266
hazi-galakras	2026-09-11 14:42:42	2154	399,400,401,402,403,405,406,407,1159,1160,1174,2090,2092,2093,5266
healsforyou-raden	2026-09-11 14:42:39	2164	399,400,401,402,403,405,1159,1160,1174,2090,2092,2093
healsondek-pagle	2026-09-11 14:42:42	2131	399,400,401,402,403,405,406,407,1159,1160,1174
hifvckface-raden	2026-09-11 14:42:27	2327	399,400,401,402,403,405,1159,1160,1174,2090,2092,2093,5266
highwaymanx-pagle	2026-09-11 14:42:43	2123	399,400,401,402,403,405,406,407,1159,1160,1174,2090,2092,2093
honorbuddy-raden	2026-09-11 14:42:22	2641	399,400,401,402,403,404,405,406,407,1159,1160,1161,1174,2090,2091,2092,2093,5266,5267
horculez-pagle	2026-09-11 14:42:40	2157	399,400,401,402,403,405,1159,1174,2090,2092,2093
høtspøtxøxø-raden	2026-09-11 14:42:32	2215	399,400,401,402,403,405,1159,1160,1174,2090,2091,2092,2093
icarú-raden	2026-09-11 14:42:24	2458	399,400,401,402,403,404,405,406,407,1159,1160,1161,1174,2090,2091,2092,2093,5266,5267
ilnicoll-pagle	2026-09-11 14:42:42	2131	399,400,401,402,403,405,1159,1174,2090,2093
impería-pagle	2026-09-11 14:42:29	2292	399,400,401,402,403,405,406,407,1159,1160,1174,2090,2092,2093
imperïa-pagle	2026-09-11 14:42:31	2256	399,400,401,402,403,404,405,406,407,1159,1174,2090,2092,2093
imwogginhere-pagle	2026-09-11 14:42:36	2196	399,400,401,402,403,405,406,1159,1160,1174,2090,2091,2092,2093,5266
indurate-raden	2026-09-11 14:42:31	2262	399,400,401,402,403,405,406,1159,1160,1174,2090,2091,2092,2093,5266,5267
inkárri-arugal-au	2026-09-11 14:42:32	2231	399,400,401,402,403,405,1159,1160,1174,2090,2092,2093
inorie-raden	2026-09-11 14:42:43	2136	399,400,401,402,403,404,405,406,407,1159,1160,1161,1174,2090,2091,2092,2093,5266,5267
iq-raden	2026-09-11 14:42:31	2248	399,400,401,402,403,404,405,406,407,1159,1160,1161,1174,2090,2091,2092,2093,5266,5267
isaac-raden	2026-09-11 14:42:27	2368	399,400,401,402,403,405,406,407,1159,1160,1174,2090,2092,2093,5266,5267
jasei-raden	2026-09-11 14:42:27	2339	399,400,401,402,403,404,405,406,407,1159,1160,1161,1174,2090,2091,2092,2093,5266
jasey-raden	2026-09-11 14:42:25	2394	399,400,401,402,403,404,405,406,407,1159,1160,1161,1174,2090,2091,2092,2093,5266
jazzwar-pagle	2026-09-11 14:42:40	2163	399,400,401,402,403,405,1159,1160,1174,2090,2092,2093
jcdk-raden	2026-09-11 14:42:25	2425	399,400,401,402,403,404,405,406,407,1159,1160,1161,1174,2090,2091,2092,2093,5266
jerth-raden	2026-09-11 14:42:30	2249	
jetá-raden	2026-09-11 14:42:36	2200	399,400,401,402,403,404,405,406,407,1159,1160,1161,1174,2090,2091,2092,2093
jimmyjunya-raden	2026-09-11 14:42:26	2369	399,400,401,402,403,405,1159,1160,1174,2090,2091,2092,2093
jïsätg-pagle	2026-09-11 14:42:39	2164	399,400,401,1159,1174,2090,2092,2093
jkorbbot-raden	2026-09-11 14:42:40	2168	399,400,401,402,403,405,406,407,1159,1160,1174,2090,2092,2093
joelrollan-raden	2026-09-11 14:42:40	2155	399,400,401,402,403,405,406,407,1159,1160,1174,2090,2092,2093,5266
juicedaddy-pagle	2026-09-11 14:42:38	2213	399,400,401,402,403,404,405,406,407,1159,1160,1174,2090,2091,2092,2093,5266
kaijoü-raden	2026-09-11 14:42:23	2536	399,400,401,402,403,404,405,406,407,1159,1160,1174,2090,2091,2092,2093,5266,5267
kartika-raden	2026-09-11 14:42:28	2308	399,400,401,402,403,405,1159,1160,1174,2090,2091,2092,2093,5266
kenquit-pagle	2026-09-11 14:42:21	2641	399,400,401,402,403,405,1159,1160,1174,2090,2092,2093,5266
kerara-galakras	2026-09-11 14:42:31	2257	399,400,401,402,403,405,1159,1174,2090,2092,2093
kerm-pagle	2026-09-11 14:42:31	2237	399,400,401,402,1159,1174,2090,2092,2093
kerrypetty-pagle	2026-09-11 14:42:39	2160	399,400,401,402,403,404,405,406,407,1159,1160,1174,2090,2091,2092,2093
khanofwind-pagle	2026-09-11 14:42:37	2186	399,400,401,402,403,404,405,406,407,1159,1160,1161,1174,2090,2091,2092,2093,5266,5267
kiyos-nazgrim	2026-09-11 14:42:22	2570	399,400,401,402,403,404,405,406,407,1159,1160,1161,1174,2090,2091,2092,2093,5266
kiyos-pagle	2026-09-11 14:42:25	2397	399,400,401,402,403,405,1159,1160,1174,2090,2091,2092,2093,5266,5267
klept-raden	2026-09-11 14:42:43	2122	399,400,401,1159,1174,2090
korlicww-raden	2026-09-11 14:42:29	2301	399,400,401,402,403,405,406,407,1159,1160,1174,2090,2091,2092,2093,5266,5267
kosovô-benediction	2026-09-11 14:42:29	2311	399,400,401,402,403,404,405,406,407,1159,1160,1161,1174,2090,2091,2092,2093
koval-nazgrim	2026-09-11 14:42:23	2527	399,400,401,402,403,405,406,407,1159,1174,2090,2091,2092,2093
koval-raden	2026-09-11 14:42:22	2571	399,400,401,402,403,405,406,407,1159,1174,2090,2091,2092,2093
kratøs-galakras	2026-09-11 14:42:25	2404	399,400,401,402,406,407,1159,1174
kyokushinkai-raden	2026-09-11 14:42:29	2271	
larvá-raden	2026-09-11 14:42:23	2469	
lcdtm-raden	2026-09-11 14:42:34	2203	399,400,401,402,403,405,1159,1160,1174,2090,2092,2093
lebenn-pagle	2026-09-11 14:42:29	2304	399,400,401,402,403,405,406,1159,1160,1174,2090,2092,2093,5266
letmetrap-pagle	2026-09-11 14:42:29	2268	
letmetrapx-raden	2026-09-11 14:42:22	2561	
leyben-pagle	2026-09-11 14:42:30	2252	399,400,401,402,403,405,1159,1160,1174,2090,2092,2093
lilbonk-galakras	2026-09-11 14:42:40	2159	399,400,401,402,403,405,1159,1160,1174,2090,2092,2093
liopleurodon-nazgrim	2026-09-11 14:42:39	2186	399,400,401,402,403,404,405,406,407,1159,1160,1161,1174,2090,2091,2092,2093
liusu-pagle	2026-09-11 14:42:27	2313	399,400,401,402,403,405,1159,1160,1174,2090,2092,2093
lolilpop-pagle	2026-09-11 14:42:31	2250	399,400,401,402,403,405,1159,1174,2090,2092,2093
lolohwow-raden	2026-09-11 14:42:29	2299	399,400,401,402,403,405,406,1159,1160,1174,2090,2091,2092,2093,5266
lonestarx-raden	2026-09-11 14:42:30	2279	399,400,401,402,403,405,406,407,1159,1160,1174,2090,2091,2092,2093,5266,5267
lostdata-raden	2026-09-11 14:42:33	2297	399,400,401,402,403,404,405,406,407,1159,1160,1174,2090,2091,2092,2093,5266,5267
lsx-raden	2026-09-11 14:42:29	2299	399,400,401,402,403,405,406,407,1159,1160,1174,2090,2091,2092,2093,5266
lucasdepedra-raden	2026-09-11 14:42:34	2206	399,400,401,402,403,1159,1174,2090,2092,2093
lumineth-pagle	2026-09-11 14:42:36	2195	399,400,401,402,403,1159,1174,2090,2092,2093
lvl-raden	2026-09-11 14:42:31	2248	399,400,401,402,403,404,405,406,407,1159,1160,1161,1174,2090,2091,2092,2093,5266,5267
madam-pagle	2026-09-11 14:42:28	2296	399,400,401,1159,1174,2090
magician-arugal-au	2026-09-11 14:42:23	2649	399,400,401,402,403,404,405,406,407,1159,1160,1161,1174,2090,2091,2092,2093,5266,5267
magnusz-nazgrim	2026-09-11 14:42:30	2272	399,400,401,402,403,404,405,406,407,1159,1160,1161,1174,2090,2091,2092,2093,5266,5267
mag-raden	2026-09-11 14:42:34	2218	399,400,401,402,403,404,405,406,407,1159,1160,1161,1174,2090,2091,2092,2093,5266,5267
majikx-raden	2026-09-11 14:42:23	2527	399,400,401,402,403,404,405,406,407,1159,1160,1174,2090,2091,2092,2093,5266,5267
masondixon-pagle	2026-09-11 14:42:33	2209	
mastashifuu-pagle	2026-09-11 14:42:21	2600	399,400,401,402,403,405,406,407,1159,1160,1174,2090,2091,2092,2093
meatballgun-lei-shen	2026-09-11 14:42:40	2160	399,400,401,402,403,405,1159,1160,1174,2090,2093
meatbolt-raden	2026-09-11 14:42:37	2186	399,400,401,402,403,404,405,406,407,1159,1160,1174,2090,2092,2093
menotsmart-raden	2026-09-11 14:42:28	2313	399,400,401,402,403,405,406,407,1159,1160,1174,2090,2091,2092,2093,5266,5267
mindprison-raden	2026-09-11 14:42:40	2146	
minutex-raden	2026-09-11 14:42:23	2491	399,400,401,402,403,405,1159,1174,2090,2091,2092,2093
miposhká-raden	2026-09-11 14:42:22	2550	
mitchelada-pagle	2026-09-11 14:42:39	2190	399,400,401,402,403,404,405,406,407,1159,1160,1174,2090,2092,2093,5266
mitchelada-raden	2026-09-11 14:42:42	2142	399,400,401,402,403,404,405,406,407,1159,1160,1174,2090,2092,2093,5266
mmrcat-raden	2026-09-11 14:42:30	2284	399,400,401,402,403,404,405,406,407,1159,1160,1161,1174,2090,2091,2092,2093,5266,5267
mojo-raden	2026-09-11 14:42:26	2377	399,400,401,402,403,404,405,406,407,1159,1160,1161,1174,2090,2091,2092,2093,5266,5267
momentum-raden	2026-09-11 14:42:26	2339	
monuei-raden	2026-09-11 14:42:29	2306	399,400,401,402,403,404,405,406,407,1159,1160,1161,1174,2090,2091,2092,2093,5266,5267
mòónfirebeam-raden	2026-09-11 14:42:29	2299	399,400,401,402,403,404,405,406,407,1159,1160,1174,2090,2091,2092,2093,5266
mopples-arugal-au	2026-09-11 14:42:38	2201	399,400,401,402,403,404,405,406,407,1159,1160,1161,1174,2090,2091,2092,2093,5266
mp-raden	2026-09-11 14:42:43	2129	399,400,401,402,403,405,1159,1160,1174,2090,2091,2092,2093,5266
mwgødx-raden	2026-09-11 14:42:26	2372	399,400,401,402,403,405,1159,1160,1174,2090,2091,2092,2093
mwk-pagle	2026-09-11 14:42:31	2237	
mwwardiscord-nazgrim	2026-09-11 14:42:29	2303	399,400,401,402,403,404,405,406,407,1159,1160,1161,1174,2090,2091,2092,2093,5266,5267
napigmalvin-raden	2026-09-11 14:42:24	2449	399,400,401,402,403,405,1159,1160,1174,2090,2092,2093,5266
nattypriest-pagle	2026-09-11 14:42:38	2178	399,400,401,402,403,404,405,406,407,1159,1160,1161,1174,2090,2091,2092,2093,5266,5267
nattywarrior-raden	2026-09-11 14:42:25	2392	399,400,401,402,403,404,405,406,407,1159,1160,1161,1174,2090,2091,2092,2093,5266,5267
neat-immerseus	2026-09-11 14:42:34	2204	399,400,401,1159,1174,2090,2092,2093
nebubanana-raden	2026-09-11 14:42:33	2224	399,400,401,402,403,404,405,406,407,1159,1160,1174,2090,2092,2093
nebugrape-raden	2026-09-11 14:42:25	2422	399,400,401,402,403,404,405,406,407,1159,1160,1174,2090,2092,2093
nebupeach-nazgrim	2026-09-11 14:42:27	2346	399,400,401,402,403,404,405,406,407,1159,1160,1174,2090,2092,2093
nebuplum-raden	2026-09-11 14:42:25	2394	399,400,401,402,403,404,405,406,407,1159,1160,1174,2090,2092,2093
necrodo-pagle	2026-09-11 14:42:42	2133	399,400,401,402,403,405,1159,1160,1174,2090,2093
nenami-raden	2026-09-11 14:42:36	2200	399,400,401,402,403,405,406,1159,1160,1174,2090,2091,2092,2093,5266
nerdslayer-raden	2026-09-11 14:42:21	2601	399,400,401,402,403,404,405,406,407,1159,1160,1161,1174,2090,2091,2092,2093,5266,5267
ngmi-pagle	2026-09-11 14:42:39	2175	399,400,401,402,403,404,405,406,407,1159,1160,1174,2090,2092,2093,5266
nguyen-raden	2026-09-11 14:42:31	2250	399,400,401,402,403,404,405,406,407,1159,1160,1161,1174,2090,2091,2092,2093,5266,5267
nihcnims-pagle	2026-09-11 14:42:43	2130	399,400,401,402,403,405,1159,1160,1174,2090,2092,2093
nocarry-raden	2026-09-11 14:42:25	2418	399,400,401,402,403,404,405,406,407,1159,1160,1161,1174,2090,2091,2092,2093,5266,5267
nodisponíble-raden	2026-09-11 14:42:23	2465	399,400,401,402,403,405,1159,1160,1174,2090,2091,2092,2093,5266,5267
noneedrdruid-raden	2026-09-11 14:42:37	2179	399,400,401,402,403,405,1159,1160,1174,2090,2091,2092,2093,5266,5267
nuzzles-raden	2026-09-11 14:42:30	2276	399,400,401,402,403,404,405,406,407,1159,1160,1161,1174,2090,2092,2093,5266
nyctrius-raden	2026-09-11 14:42:43	2124	399,400,401,402,403,404,405,406,407,1159,1160,1174,2090,2092,2093
nzx-raden	2026-09-11 14:42:22	2633	399,400,401,402,403,404,405,406,407,1159,1160,1161,1174,2090,2091,2092,2093,5266,5267
oldmanjasey-raden	2026-09-11 14:42:22	2583	399,400,401,402,403,404,405,406,407,1159,1160,1161,1174,2090,2091,2092,2093,5266
orbscripter-pagle	2026-09-11 14:42:30	2296	399,400,401,402,403,404,405,406,407,1159,1160,1161,1174,2090,2091,2092,2093,5266,5267
Ósitoperú-raden	2026-09-11 14:42:34	2234	399,400,401,402,403,405,1159,1160,1174,2090,2091,2092,2093,5266,5267
ouushii-raden	2026-09-11 14:42:31	2512	399,400,401,402,403,405,406,407,1159,1160,1174,2090,2091,2092,2093,5266,5267
ow-nazgrim	2026-09-11 14:42:35	2255	399,400,401,402,403,405,406,407,1159,1160,1174,2090,2092,2093,5266
oxy-arugal-au	2026-09-11 14:42:28	2581	399,400,401,402,403,404,405,406,407,1159,1160,1161,1174,2090,2091,2092,2093,5266,5267
oxydd-arugal-au	2026-09-11 14:42:22	2604	399,400,401,402,403,404,405,406,407,1159,1160,1161,1174,2090,2091,2092,2093,5266,5267
oxydudu-arugal-au	2026-09-11 14:42:22	2603	399,400,401,402,403,404,405,406,407,1159,1160,1161,1174,2090,2091,2092,2093,5266,5267
papabrew-raden	2026-09-11 14:42:42	2128	
papabrewxl-pagle	2026-09-11 14:42:42	2126	
pariston-nazgrim	2026-09-11 14:42:36	2206	399,400,401,402,1159,1174,2090,2093
peekñheal-arugal-au	2026-09-11 14:42:34	2211	399,400,401,402,403,405,1159,1160,1174,2090,2092,2093
pinkisntwell-immerseus	2026-09-11 14:42:28	2313	399,400,401,1159,1174
polyjkdeathx-raden	2026-09-11 14:42:35	2203	399,400,401,402,403,404,405,406,407,1159,1160,1161,1174,2090,2091,2092,2093,5266
poolzyo-raden	2026-09-11 14:42:31	2258	399,400,401,402,403,405,406,407,1159,1160,1174,2090,2091,2092,2093,5266,5267
popeshow-arugal-au	2026-09-11 14:42:31	2258	399,400,401,402,403,405,406,407,1159,1160,1174,2090,2091,2092,2093,5266,5267
prettigood-raden	2026-09-11 14:42:30	2292	399,400,401,402,403,404,405,406,407,1159,1160,1174,2090,2091,2092,2093,5266
protmain-raden	2026-09-11 14:42:38	2175	399,400,401,402,403,405,406,1159,1160,1174,2090,2091,2092,2093,5266,5267
prowlr-pagle	2026-09-11 14:42:38	2161	
pullouts-raden	2026-09-11 14:42:42	2139	399,400,401,402,403,405,1159,1160,1174,2090,2091,2092,2093,5266,5267
pumpz-raden	2026-09-11 14:42:43	2123	399,400,401,404,406,407,1161,1174,2090,2091,2092,2093
qjqjsdnltmzl-pagle	2026-09-11 14:42:26	2334	
qrux-pagle	2026-09-11 14:42:27	2325	399,400,401,402,403,405,406,407,1159,1160,1174,2090,2092,2093,5266
qwanya-raden	2026-09-11 14:42:21	2607	399,400,401,402,403,405,406,1159,1160,1174,2090,2091,2092,2093,5266,5267
qwop-raden	2026-09-11 14:42:29	2281	
rabager-grobbulus	2026-09-11 14:42:40	2163	399,400,401,402,403,405,1159,1174,2090,2093
radix-raden	2026-09-11 14:42:32	2220	
raijinkumax-pagle	2026-09-11 14:42:35	2204	399,400,401,402,403,404,405,406,407,1159,1160,1174,2090,2091,2092,2093,5266
raijjin-pagle	2026-09-11 14:42:25	2402	399,400,401,402,403,405,1159,1174
rãin-pagle	2026-09-11 14:42:27	2347	399,400,401,402,403,404,405,406,407,1159,1160,1174,2090,2092,2093,5266
reasonablë-arugal-au	2026-09-11 14:42:23	2662	399,400,401,402,403,404,405,406,407,1159,1160,1161,1174,2090,2091,2092,2093,5266,5267
reckingkong-raden	2026-09-11 14:42:24	2498	399,400,401,402,403,405,406,1159,1160,1174,2090,2091,2092,2093,5266,5267
reckington-raden	2026-09-11 14:42:23	2500	399,400,401,402,403,405,406,1159,1160,1174,2090,2091,2092,2093,5266,5267
reckology-raden	2026-09-11 14:42:33	2216	399,400,401,402,403,405,406,1159,1160,1174,2090,2091,2092,2093,5266,5267
redpandä-pagle	2026-09-11 14:42:23	2490	
rekstorm-nazgrim	2026-09-11 14:42:35	2203	399,400,401,402,403,405,1159,1160,1174,2090,2092,2093,5266
rekzor-raden	2026-09-11 14:42:25	2439	399,400,401,402,403,405,406,1159,1160,1174,2090,2091,2092,2093,5266,5267
remytwotimes-pagle	2026-09-11 14:42:39	2156	
røach-raden	2026-09-11 14:42:35	2202	399,400,401,402,403,405,1159,1160,1174,2090,2091,2092,2093,5266
robotyn-pagle	2026-09-11 14:42:40	2150	399,400,401,1159,1174,2090
rockyx-pagle	2026-09-11 14:42:29	2304	399,400,401,402,403,405,1159,1160,1174,2090,2091,2092,2093,5266
rockyy-pagle	2026-09-11 14:42:40	2155	399,400,401,402,403,405,1159,1160,1174,2090,2091,2092,2093,5266
rsp-raden	2026-09-11 14:42:33	2300	399,400,401,402,403,405,406,1159,1160,1174,2090,2091,2092,2093,5266,5267
rufusmonk-pagle	2026-09-11 14:42:38	2171	399,400,401,402,403,1159,1174,2090,2093
ruthlessqt-raden	2026-09-11 14:42:27	2359	399,400,401,402,403,405,406,1159,1160,1174,2090,2092,2093,5266
sácera-raden	2026-09-11 14:42:23	2447	
sadarade-raden	2026-09-11 14:42:27	2319	399,400,401,402,403,404,405,406,407,1159,1160,1174,2090,2091,2092,2093,5266
sadism-pagle	2026-09-11 14:42:29	2299	399,400,401,402,403,404,405,406,407,1159,1160,1161,1174,2090,2091,2092,2093,5266,5267
sadtragedy-raden	2026-09-11 14:42:31	2233	
sandbunny-pagle	2026-09-11 14:42:31	2233	399,400,401,402,403,405,1159,1160,1174,2090,2092,2093
sàngüinius-pagle	2026-09-11 14:42:33	2228	399,400,401,402,403,405,406,407,1159,1160,1174,2090,2092,2093
saydar-raden	2026-09-11 14:42:24	2426	399,400,401,402,403,404,405,406,407,1159,1160,1174,2090,2091,2092,2093,5266
schemes-galakras	2026-09-11 14:42:41	2150	399,400,401,402,403,405,406,407,1159,1160,1174,2090,2092,2093,5266
segredinho-pagle	2026-09-11 14:42:43	2127	399,400,401,402,403,405,1159,1160,1174,2090,2091,2092,2093,5266
seitanic-pagle	2026-09-11 14:42:33	2214	399,400,401,402,1159,1174,2090,2092,2093
selfplay-raden	2026-09-11 14:42:24	2467	399,400,401,402,403,404,405,406,407,1159,1160,1161,1174,2090,2091,2092,2093,5266,5267
serenitylol-raden	2026-09-11 14:42:27	2328	399,400,401,402,403,405,406,407,1159,1160,1174,2090,2091,2092,2093,5266,5267
serenityqt-pagle	2026-09-11 14:42:26	2386	399,400,401,402,403,405,406,407,1159,1160,1174,2090,2091,2092,2093,5266,5267
shatterbust-raden	2026-09-11 14:42:42	2138	399,400,401,402,403,404,405,406,407,1159,1160,1161,1174,2090,2091,2092,2093,5266,5267
shockoné-pagle	2026-09-11 14:42:40	2150	399,400,401,402,403,1159,1174,2090,2093
shvfty-pagle	2026-09-11 14:42:42	2135	399,400,401,402,403,404,405,406,407,1159,1160,1174,2090,2092,2093
sinfullwinz-raden	2026-09-11 14:42:32	2233	399,400,401,402,403,405,406,1159,1160,1174,2090,2091,2092,2093,5266
sinfulwinz-raden	2026-09-11 14:42:36	2228	399,400,401,402,403,405,406,1159,1160,1174,2090,2091,2092,2093,5266
skulldrinker-raden	2026-09-11 14:42:43	2128	399,400,401,402,403,405,406,1159,1160,1174,2090,2092,2093,5266
sleepïï-pagle	2026-09-11 14:42:27	2316	399,400,401,402,403,405,406,407,1159,1160,1174,2090,2091,2092,2093
sleepweaver-pagle	2026-09-11 14:42:21	2583	399,400,401,402,403,405,406,407,1159,1160,1174,2090,2091,2092,2093
sleepyntired-pagle	2026-09-11 14:42:25	2394	399,400,401,402,403,405,406,407,1159,1160,1174,2090,2091,2092,2093
sloomi-pagle	2026-09-11 14:42:34	2207	399,400,401,402,403,404,405,406,407,1159,1160,1161,1174,2090,2092,2093
sloom-pagle	2026-09-11 14:42:34	2206	399,400,401,402,403,404,405,406,407,1159,1160,1161,1174,2090,2092,2093
sloomx-pagle	2026-09-11 14:42:39	2164	399,400,401,402,403,404,405,406,407,1159,1160,1161,1174,2090,2092,2093
slumplord-raden	2026-09-11 14:42:33	2215	399,400,401,402,403,405,406,407,1159,1160,1174,2090,2091,2092,2093,5266
slumplordx-raden	2026-09-11 14:42:36	2197	399,400,401,402,403,405,406,407,1159,1160,1174,2090,2091,2092,2093,5266
sminchin-pagle	2026-09-11 14:42:36	2199	399,400,401,402,403,405,1159,1160,1174,2090,2092,2093
smokinweedle-raden	2026-09-11 14:42:32	2226	399,400,401,402,403,405,406,407,1159,1160,1174,2090,2091,2092,2093,5266
soapxy-raden	2026-09-11 14:42:26	2367	399,400,401,402,403,405,1159,1160,1174,2090,2091,2092,2093,5266
soapy-raden	2026-09-11 14:42:27	2318	399,400,401,402,403,405,1159,1160,1174,2090,2091,2092,2093,5266
søapy-raden	2026-09-11 14:42:22	2569	399,400,401,402,403,405,1159,1160,1174,2090,2091,2092,2093,5266
soapyxo-raden	2026-09-11 14:42:23	2527	399,400,401,402,403,405,1159,1160,1174,2090,2091,2092,2093,5266
soapyx-raden	2026-09-11 14:42:40	2159	399,400,401,402,403,405,1159,1160,1174,2090,2091,2092,2093,5266
solorr-pagle	2026-09-11 14:42:38	2177	399,400,401,406,407,1174,2090,2093
sombodee-pagle	2026-09-11 14:42:36	2195	399,400,401,402,403,404,405,406,407,1159,1160,1174,2090,2092,2093
someidiot-raden	2026-09-11 14:42:38	2171	399,400,401,402,403,404,405,406,407,1159,1160,1174,2090,2091,2092,2093,5266
soyinfelíz-raden	2026-09-11 14:42:23	2443	
spala-pagle	2026-09-11 14:42:29	2261	
spicyhotmoon-raden	2026-09-11 14:42:25	2394	399,400,401,402,403,405,406,407,1159,1160,1174,2090,2092,2093
spk-raden	2026-09-11 14:42:31	2262	399,400,401,402,403,405,406,407,1159,1160,1174,2090,2091,2092,2093,5266,5267
spongeboby-pagle	2026-09-11 14:42:30	2429	399,400,401,402,403,405,1159,1160,1174,2090,2091,2092,2093,5266
spongethroby-pagle	2026-09-11 14:42:42	2281	399,400,401,402,403,405,1159,1160,1174,2090,2091,2092,2093,5266
spq-pagle	2026-09-11 14:42:29	2273	
squeezyxx-raden	2026-09-11 14:42:23	2502	399,400,401,402,403,405,406,1159,1160,1174,2090,2091,2092,2093,5266,5267
ßlåçkårrøw-raden	2026-09-11 14:42:24	2477	399,400,401,402,403,404,405,406,407,1159,1160,1161,1174,2090,2091,2092,2093,5266,5267
ßløømtoðèàth-raden	2026-09-11 14:42:43	2199	399,400,401,402,403,405,406,1159,1160,1174,2090,2091,2092,2093,5266,5267
ßløømtøðèàth-raden	2026-09-11 14:42:29	2303	399,400,401,402,403,405,406,1159,1160,1174,2090,2091,2092,2093,5266,5267
ßlûè-arugal-au	2026-09-11 14:42:30	2282	399,400,401,402,403,405,1159,1160,1174,2090,2092,2093
sugarbear-raden	2026-09-11 14:42:22	2618	399,400,401,402,403,405,406,407,1159,1160,1174,2090,2091,2092,2093,5266,5267
sugarbeet-raden	2026-09-11 14:42:26	2380	399,400,401,402,403,405,406,1159,1160,1174,2090,2091,2092,2093,5266,5267
suký-pagle	2026-09-11 14:42:33	2221	399,400,401,402,403,404,405,406,407,1159,1160,1174,2090,2092,2093,5266
supërgrëmlin-pagle	2026-09-11 14:42:23	2500	399,400,401,402,403,405,1159,1160,1174,2090,2091,2092,2093,5266,5267
survivorzx-raden	2026-09-11 14:42:36	2201	399,400,401,402,403,404,405,406,407,1159,1160,1161,1174,2090,2093
swk-raden	2026-09-11 14:42:24	2499	399,400,401,402,403,404,405,406,407,1159,1160,1161,1174,2090,2091,2092,2093,5266,5267
tailung-raden	2026-09-11 14:42:23	2539	399,400,401,402,403,404,405,406,407,1159,1160,1161,1174,2090,2091,2092,2093,5266
tastetheshot-raden	2026-09-11 14:42:26	2384	399,400,401,402,403,404,405,406,407,1159,1160,1161,1174,2090,2091,2092,2093,5266
tastyshotsz-raden	2026-09-11 14:42:27	2422	399,400,401,402,403,404,405,406,407,1159,1160,1161,1174,2090,2091,2092,2093,5266
tastyshotx-raden	2026-09-11 14:42:26	2375	399,400,401,402,403,404,405,406,407,1159,1160,1161,1174,2090,2091,2092,2093,5266
tastyshotz-raden	2026-09-11 14:42:27	2358	399,400,401,402,403,404,405,406,407,1159,1160,1161,1174,2090,2091,2092,2093,5266
teatable-raden	2026-09-11 14:42:22	2618	399,400,401,402,403,405,406,407,1159,1160,1174,2090,2091,2092,2093,5266,5267
technique-raden	2026-09-11 14:42:34	2203	399,400,401,402,403,405,1159,1160,1174,2090
testndbolwar-raden	2026-09-11 14:42:30	2274	399,400,401,402,403,404,405,406,407,1159,1160,1161,1174,2090,2091,2092,2093,5266,5267
tgd-raden	2026-09-11 14:42:25	2389	
tháíladybøi-pagle	2026-09-11 14:42:30	2275	399,400,401,402,403,405,406,407,1159,1160,1174,2090,2092,2093,5266
thaviks-raden	2026-09-11 14:42:27	2318	399,400,401,402,403,404,405,406,407,1159,1160,1174,2090,2092,2093
thebagelcave-pagle	2026-09-11 14:42:33	2233	399,400,401,402,403,405,406,1159,1160,1174,2090,2091,2092,2093,5266
thetalk-pagle	2026-09-11 14:42:43	2127	399,400,401,402,403,405,1159,1160,1174,2090,2092,2093,5266
tjax-raden	2026-09-11 14:42:37	2182	399,400,401,402,403,405,1159,1160,1174,2090,2092,2093,5266
tneh-pagle	2026-09-11 14:42:26	2325	
tnehtk-pagle	2026-09-11 14:42:29	2276	
tokonatsu-raden	2026-09-11 14:42:25	2390	399,400,401,1159,1174,2090,2092,2093
tomtwocox-raden	2026-09-11 14:42:25	2403	399,400,401,402,403,405,406,1159,1160,1174,2090,2091,2092,2093,5266,5267
tortaslayer-raden	2026-09-11 14:42:29	2302	399,400,401,402,403,405,1159,1160,1174,2090,2091,2092,2093,5266
toryko-raden	2026-09-11 14:42:24	2411	399,400,401,1159,1174
touchofdiddy-raden	2026-09-11 14:42:32	2235	399,400,401,402,403,405,406,407,1159,1160,1174,2090,2091,2092,2093
trapbot-raden	2026-09-11 14:42:32	2228	399,400,401,402,403,404,405,406,407,1159,1160,1161,1174,2090,2091,2092,2093,5266,5267
traplauncher-pagle	2026-09-11 14:42:43	2123	399,400,401,402,403,405,406,407,1159,1160,1174,2090,2091,2092,2093,5266,5267
treehuggêr-raden	2026-09-11 14:42:27	2321	399,400,401,402,403,405,406,407,1159,1160,1174,2090,2091,2092,2093
trojanbubble-pagle	2026-09-11 14:42:28	2312	399,400,401,402,403,405,406,1159,1160,1174,2090,2092,2093,5266
trojanbubble-raden	2026-09-11 14:42:30	2266	399,400,401,402,403,405,406,1159,1160,1174,2090,2092,2093,5266
uhexperiment-pagle	2026-09-11 14:42:41	2142	399,400,401,402,403,405,1159,1174,2090,2092,2093
ultrahxb-raden	2026-09-11 14:42:23	2533	399,400,401,402,403,404,405,406,407,1159,1160,1161,1174,2090,2091,2092,2093,5266
ultrahxd-raden	2026-09-11 14:42:22	2582	399,400,401,402,403,404,405,406,407,1159,1160,1161,1174,2090,2091,2092,2093,5266
ultrahxl-raden	2026-09-11 14:42:22	2582	399,400,401,402,403,404,405,406,407,1159,1160,1161,1174,2090,2091,2092,2093,5266
ultrahxo-raden	2026-09-11 14:42:22	2582	399,400,401,402,403,404,405,406,407,1159,1160,1161,1174,2090,2091,2092,2093,5266
ultrahxq-raden	2026-09-11 14:42:22	2552	399,400,401,402,403,404,405,406,407,1159,1160,1161,1174,2090,2091,2092,2093,5266
ultrahx-raden	2026-09-11 14:42:31	2267	399,400,401,402,403,404,405,406,407,1159,1160,1161,1174,2090,2091,2092,2093,5266
urhero-arugal-au	2026-09-11 14:42:34	2210	399,400,401,1159,1174
urukghâshob-immerseus	2026-09-11 14:42:41	2150	399,400,401,1159,1174
vengance-raden	2026-09-11 14:42:34	2250	399,400,401,402,403,404,405,406,407,1159,1160,1161,1174,2090,2091,2092,2093,5266,5267
vettaex-arugal-au	2026-09-11 14:42:26	2442	399,400,401,402,403,404,405,406,407,1159,1160,1161,1174,2090,2091,2092,2093,5266,5267
vibezx-pagle	2026-09-11 14:42:34	2212	399,400,401,402,403,405,1159,1160,1174,2090,2092,2093,5266
victorious-raden	2026-09-11 14:42:38	2170	
vøcality-raden	2026-09-11 14:42:41	2139	399,400,401,402,403,405,406,1159,1160,1174,2090,2092,2093
voromyr-lei-shen	2026-09-11 14:42:31	2256	399,400,401,402,403,405,1159,1160,1174,2090,2092,2093
vseraphim-immerseus	2026-09-11 14:42:31	2256	399,400,401,402,403,404,405,406,407,1159,1160,1161,1174,2090,2092,2093
vseraphims-immerseus	2026-09-11 14:42:30	2292	399,400,401,402,403,404,405,406,407,1159,1160,1161,1174,2090,2092,2093
washedexglad-raden	2026-09-11 14:42:36	2200	399,400,401,402,403,405,1159,1160,1174,2090,2091,2092,2093,5266
wealthycat-raden	2026-09-11 14:42:20	2667	
whîtë-arugal-au	2026-09-11 14:42:31	2251	399,400,401,402,403,405,1159,1160,1174,2090,2092,2093
windstorm-raden	2026-09-11 14:42:27	2323	399,400,401,402,403,405,1159,1160,1174,2090
wmx-raden	2026-09-11 14:42:25	2379	
wnqiwnqiwnqi-raden	2026-09-11 14:42:32	2231	399,400,401,402,403,404,405,406,407,1159,1160,1161,1174,2090,2091,2092,2093,5266,5267
wøckeez-raden	2026-09-11 14:42:32	2226	
wowmichael-pagle	2026-09-11 14:42:37	2184	399,400,401,402,403,404,405,406,407,1159,1160,1174,2090,2092,2093
xanacs-nazgrim	2026-09-11 14:42:29	2292	399,400,401,402,403,405,1159,1160,1174,2090,2092,2093,5266
xatyka-pagle	2026-09-11 14:42:35	2203	399,400,401,402,403,405,1159,1160,1174,2090,2092,2093
xhangtu-raden	2026-09-11 14:42:43	2123	399,400,401,402,403,1159,1174,2090,2092,2093
xlfries-pagle	2026-09-11 14:42:38	2184	399,400,401,402,403,404,405,406,407,1159,1160,1174,2090,2091,2092,2093,5266
xntrixxs-arugal-au	2026-09-11 14:42:26	2341	399,400,401,402,403,405,406,407,1159,1160,1174,2090,2091,2092,2093,5266
xntrixxz-arugal-au	2026-09-11 14:42:23	2527	399,400,401,402,403,405,406,407,1159,1160,1174,2090,2091,2092,2093,5266
xoap-raden	2026-09-11 14:42:30	2261	399,400,401,402,403,405,406,1159,1160,1174,2090,2091,2092,2093,5266,5267
xunwinxo-raden	2026-09-11 14:42:26	2347	
xzww-pagle	2026-09-11 14:42:43	2126	399,400,401,402,403,405,1159,1160,1174,2090,2092,2093
yetaa-raden	2026-09-11 14:42:32	2227	399,400,401,402,403,404,405,406,407,1159,1160,1161,1174,2090,2091,2092,2093
yglol-pagle	2026-09-11 14:42:35	2202	399,400,401,402,403,405,1159,1174,2090,2092,2093
yourendisher-pagle	2026-09-11 14:42:32	2220	399,400,401,402,403,405,1159,1160,1174,2090,2091,2092,2093,5266
zappytits-galakras	2026-09-11 14:42:42	2139	399,400,401,402,403,405,1159,1174,2090,2093
zendarko-arugal-au	2026-09-11 14:42:37	2184	399,400,401,402,403,404,405,406,407,1159,1160,1174,2090,2091,2092,2093,5266,5267
zetä-raden	2026-09-11 14:42:30	2258	
znths-raden	2026-09-11 14:42:33	2229	399,400,401,402,403,405,406,1159,1160,1174,2090,2091,2092,2093,5266,5267
zugww-raden	2026-09-11 14:42:30	2400	399,400,401,402,403,404,405,406,407,1159,1160,1174,2090,2091,2092,2093,5266,5267
