# What each character's achievements said, and when. Not shipped.
# Safe to delete, at the cost of one cold pass -- which is not cheap here.
abcdé-shekzeer	2026-09-11 14:27:24	2560	399,400,401,402,403,405,1159,1160,1174,2090
abdirahman-shekzeer	2026-09-11 14:27:30	2450	
akerbz-shekzeer	2026-09-11 14:27:24	2596	399,400,401,402,403,405,1159,1174,2090,2092,2093
albatrowss-shekzeer	2026-09-11 14:27:24	2549	399,400,401,402,403,405,406,1159,1160,1174,2090,2091,2092,2093,5266,5267
angolina-shekzeer	2026-09-11 14:27:32	2403	399,400,401,402,403,405,1159,1160,1174,5266,5267
aomíne-shekzeer	2026-09-11 14:27:33	2379	399,400,401,402,403,405,1159,1160,1174,2090,2091,2092,2093,5266
apologies-shekzeer	2026-09-11 14:27:30	2423	
ardasmage-mirage-raceway	2026-09-11 14:27:25	2485	399,400,401,402,403,405,1159,1160,1174,2090,2091,2092,2093,5266
ay-shekzeer	2026-09-11 14:27:23	2614	399,400,401,402,403,404,405,406,407,1159,1160,1161,1174,2090,2091,2092,2093,5266,5267
backinbsns-shekzeer	2026-09-11 14:27:23	2688	399,400,401,402,403,404,405,406,407,1159,1160,1161,1174,2090,2091,2092,2093,5266,5267
bearia-shekzeer	2026-09-11 14:27:32	2428	399,400,401,402,406,1159,1174,2090,2092,2093
bigangryorc-garalon	2026-09-11 14:27:29	2461	399,400,401,402,403,404,405,406,407,1159,1160,1161,1174,2090,2091,2092,2093,5266,5267
biggestegoeu-shekzeer	2026-09-11 14:27:31	2451	399,400,401,402,403,1159,1174,2090,2092,2093
brokeasalwys-shekzeer	2026-09-11 14:27:26	2505	399,400,401,402,403,404,405,406,407,1159,1160,1161,1174,2090,2091,2092,2093,5266,5267
cavitaas-ook-ook	2026-09-11 14:27:24	2672	399,400,401,402,403,404,405,406,407,1159,1160,1174,2090,2091,2092,2093,5266,5267
cavitas-everlook	2026-09-11 14:27:24	2564	399,400,401,402,403,404,405,406,407,1159,1160,1174,2090,2091,2092,2093,5266,5267
coulozx-shekzeer	2026-09-11 14:27:31	2418	399,400,401,402,403,405,1159,1160,1174,2090,2091,2092,2093,5266,5267
cruel-shekzeer	2026-09-11 14:27:32	2400	399,400,401,402,403,404,405,406,407,1159,1160,1161,1174,2090,2091,2092,2093,5266
cuckquatre-shekzeer	2026-09-11 14:27:26	2496	399,400,401,402,403,405,1159,1160,1174,2090,2092,2093
damagefwcker-shekzeer	2026-09-11 14:27:32	2405	399,400,401,402,403,405,1159,1160,1174,2090,2091,2092,2093,5266,5267
dárckness-shekzeer	2026-09-11 14:27:33	2360	399,400,401,402,403,405,406,1159,1160,1174,2090,2091,2092,2093,5266,5267
derxibro-shekzeer	2026-09-11 14:27:31	2451	399,400,401,402,403,405,406,407,1159,1160,1174,2090,2092,2093,5266
Ðiønysus-shekzeer	2026-09-11 14:27:31	2426	399,400,401,402,403,404,405,406,407,1159,1160,1174,2090,2091,2092,2093,5266,5267
dpskongen-shekzeer	2026-09-11 14:27:24	2540	399,400,401,402,403,405,1159,1160,1174
drkmovie-shekzeer	2026-09-11 14:27:30	2443	399,400,401,402,403,405,1159,1160,1174,2090,2091,2092,2093,5266,5267
eternàl-shekzeer	2026-09-11 14:27:30	2450	
fdx-shekzeer	2026-09-11 14:27:24	2589	399,400,401,402,403,404,405,406,407,1159,1160,1174,2090,2091,2092,2093,5266,5267
feelsblckman-shekzeer	2026-09-11 14:27:24	2590	399,400,401,402,403,405,406,407,1159,1160,1174,2090,2091,2092,2093,5266,5267
flárin-shekzeer	2026-09-11 14:27:26	2513	399,400,401,402,403,404,405,406,407,1159,1160,1174,2090,2091,2092,2093,5266,5267
flárín-shekzeer	2026-09-11 14:27:33	2371	399,400,401,402,403,404,405,406,407,1159,1160,1174,2090,2091,2092,2093,5266,5267
fuzionz-garalon	2026-09-11 14:27:32	2404	399,400,401,402,403,405,1159,1160,1174,2090,2092,2093
gavno-shekzeer	2026-09-11 14:27:26	2503	399,400,401,402,403,405,406,1159,1160,1174,2090,2091,2092,2093,5266
giantzemi-shekzeer	2026-09-11 14:27:23	2635	399,400,401,402,403,404,405,406,407,1159,1160,1161,1174,2090,2091,2092,2093,5266,5267
halul-shekzeer	2026-09-11 14:27:32	2422	399,400,401,402,403,405,1159,1160,1174,2090,2091,2092,2093,5266
hdpr-shekzeer	2026-09-11 14:27:33	2372	399,400,401,402,403,1159,1174,2090,2092,2093
holypal-shekzeer	2026-09-11 14:27:25	2514	399,400,401,402,403,405,406,407,1159,1160,1174,2090,2091,2092,2093,5266,5267
illex-shekzeer	2026-09-11 14:27:25	2500	399,400,401,402,403,405,1159,1160,1174,2090,2091,2092,2093,5266
ilyackerman-auberdine	2026-09-11 14:27:24	2590	399,400,401,402,403,405,1159,1160,1174,2090,2091,2092,2093
jáakux-shekzeer	2026-09-11 14:27:26	2513	399,400,401,402,403,404,405,406,407,1159,1160,1161,1174,2090,2091,2092,2093,5266,5267
jâckywhâcky-shekzeer	2026-09-11 14:27:24	2532	399,400,401,402,403,405,406,1159,1160,1174,2090,2091,2092,2093,5266,5267
jâgerr-shekzeer	2026-09-11 14:27:31	2420	399,400,401,402,403,405,406,1159,1160,1174,2090,2091,2092,2093,5266,5267
jámié-shekzeer	2026-09-11 14:27:24	2630	399,400,401,402,403,404,405,406,407,1159,1160,1161,1174,2090,2091,2092,2093,5266,5267
jámíé-shekzeer	2026-09-11 14:27:26	2462	399,400,401,402,403,404,405,406,407,1159,1160,1161,1174,2090,2091,2092,2093,5266,5267
juicedog-shekzeer	2026-09-11 14:27:23	2572	399,400,401,402,403,405,1159,1160,1174,2090,2091,2092,2093,5266,5267
juicyverÿ-shekzeer	2026-09-11 14:27:32	2399	399,400,401,402,403,404,405,406,407,1159,1160,1161,1174,2090,2091,2092,2093,5266,5267
kasuxoxomayw-garalon	2026-09-11 14:27:25	2560	399,400,401,402,403,404,405,406,407,1159,1160,1161,1174,2090,2091,2092,2093,5266,5267
kásúxøxø-shekzeer	2026-09-11 14:27:24	2608	399,400,401,402,403,404,405,406,407,1159,1160,1161,1174,2090,2091,2092,2093,5266,5267
királyfickó-shekzeer	2026-09-11 14:27:32	2386	399,400,401,402,403,405,1159,1160,1174,2090,2091,2092,2093,5266
klqqe-shekzeer	2026-09-11 14:27:23	2591	399,400,401,402,403,405,1159,1174,2090,2091,2092,2093
kûroko-shekzeer	2026-09-11 14:27:31	2426	399,400,401,402,403,405,406,1159,1160,1174,2090,2091,2092,2093,5266
kwende-shekzeer	2026-09-11 14:27:32	2368	
kyxen-garalon	2026-09-11 14:27:33	2362	399,400,401,402,403,1159,1174,2090,2092,2093
laynerz-shekzeer	2026-09-11 14:27:23	2614	
lilsondre-shekzeer	2026-09-11 14:27:23	2637	399,400,401,402,403,405,1159,1160,1174
lkdsjciks-shekzeer	2026-09-11 14:27:32	2380	399,400,401,402,403,404,405,406,407,1159,1160,1161,1174,2090,2091,2092,2093,5266,5267
luxzys-shekzeer	2026-09-11 14:27:31	2459	399,400,401,402,403,405,406,407,1159,1160,1174,2090,2091,2092,2093,5266,5267
lz-shekzeer	2026-09-11 14:27:23	2632	
maaxxdrood-shekzeer	2026-09-11 14:27:31	2439	399,400,401,402,403,1159,1174,2090,2091,2092,2093
määxxdrood-shekzeer	2026-09-11 14:27:26	2462	399,400,401,402,403,1159,1174,2090,2091,2092,2093
maedic-shekzeer	2026-09-11 14:27:26	2479	399,400,401,402,403,404,405,406,407,1159,1160,1174,2090,2091,2092,2093,5266
maedictv-shekzeer	2026-09-11 14:27:32	2406	399,400,401,402,403,404,405,406,407,1159,1160,1174,2090,2091,2092,2093,5266
maedicww-shekzeer	2026-09-11 14:27:32	2393	399,400,401,402,403,404,405,406,407,1159,1160,1174,2090,2091,2092,2093,5266
maestrø-shekzeer	2026-09-11 14:27:30	2456	399,400,401,402,403,404,405,406,407,1159,1160,1161,1174,2090,2091,2092,2093,5266,5267
mellamell-shekzeer	2026-09-11 14:27:30	2427	399,400,401,402,403,405,1159,1174,2090
mojozx-shekzeer	2026-09-11 14:27:24	2564	399,400,401,1159,1174,2090,2091,2092,2093
muryokusho-shekzeer	2026-09-11 14:27:26	2475	399,400,401,402,403,405,406,407,1159,1160,1174,2090,2091,2092,2093,5266,5267
noneedórb-shekzeer	2026-09-11 14:27:25	2499	399,400,401,402,403,404,405,406,407,1159,1160,1161,1174,2090,2091,2092,2093,5266,5267
norskugle-shekzeer	2026-09-11 14:27:33	2373	399,400,401,402,403,405,1159,1160,1174,2090,2091,2092,2093
nouse-shekzeer	2026-09-11 14:27:25	2503	399,400,401,402,403,405,1159,1174,2090,2091,2092,2093
nousey-shekzeer	2026-09-11 14:27:25	2508	399,400,401,402,403,405,1159,1174,2090,2091,2092,2093
nousie-shekzeer	2026-09-11 14:27:25	2504	399,400,401,402,403,405,1159,1174,2090,2091,2092,2093
orbyy-shekzeer	2026-09-11 14:27:33	2386	399,400,401,402,403,404,405,406,407,1159,1160,1174,2090,2091,2092,2093,5266
osx-shekzeer	2026-09-11 14:27:24	2547	
parkettaszeg-shekzeer	2026-09-11 14:27:33	2369	399,400,401,402,403,405,1159,1160,1174,2090,2091,2092,2093,5266
pennyz-everlook	2026-09-11 14:27:33	2409	399,400,401,402,403,404,405,406,407,1159,1160,1174,2090,2091,2092,2093,5266
plåýbøt-shekzeer	2026-09-11 14:27:32	2410	399,400,401,402,403,405,1159,1160,1174,2090,2091,2092,2093,5266
prîestotp-shekzeer	2026-09-11 14:27:25	2504	399,400,401,402,403,404,405,406,407,1159,1160,1161,1174,2090,2092,2093,5266,5267
raziðper-shekzeer	2026-09-11 14:27:23	2639	399,400,401,402,403,405,1159,1174,2090,2091,2092,2093
razor-everlook	2026-09-11 14:27:32	2425	399,400,401,402,406,1159,1174,2090,2092,2093
rockyx-shekzeer	2026-09-11 14:27:30	2425	399,400,401,1159,1174
rofmagex-mirage-raceway	2026-09-11 14:27:31	2457	399,400,401,402,403,405,1159,1160,1174,2090,2091,2092,2093,5266,5267
rofmagexy-mirage-raceway	2026-09-11 14:27:30	2458	399,400,401,402,403,405,1159,1160,1174,2090,2091,2092,2093,5266,5267
ronwilson-shekzeer	2026-09-11 14:27:32	2385	399,400,401,402,403,404,405,406,407,1159,1160,1161,1174,2090,2091,2092,2093,5266,5267
ruzha-shekzeer	2026-09-11 14:27:32	2408	399,400,401,402,403,404,405,406,407,1159,1160,1161,1174,2090,2091,2092,2093,5266
salvxx-shekzeer	2026-09-11 14:27:30	2449	399,400,401,402,403,405,406,407,1159,1160,1174,2090,2091,2092,2093,5266
sðe-shekzeer	2026-09-11 14:27:26	2473	399,400,401,402,403,405,1159,1160,1174,2090,2091,2092,2093,5266
seishironagî-shekzeer	2026-09-11 14:27:31	2432	399,400,401,402,403,405,406,407,1159,1160,1174,2090,2091,2092,2093,5266,5267
shotq-shekzeer	2026-09-11 14:27:31	2434	399,400,401,402,403,404,405,406,407,1159,1160,1174,2090,2091,2092,2093,5266,5267
sixtyzen-everlook	2026-09-11 14:27:24	2635	399,400,401,402,403,404,405,406,407,1159,1160,1174,2090,2091,2092,2093,5266,5267
skinnywintrd-shekzeer	2026-09-11 14:27:30	2428	399,400,401,402,403,405,1159,1160,1174,2090,2091,2092,2093
squêêzýx-shekzeer	2026-09-11 14:27:24	2575	399,400,401,402,403,405,406,407,1159,1160,1174,2090,2091,2092,2093,5266,5267
squêêzýxx-shekzeer	2026-09-11 14:27:25	2537	399,400,401,402,403,404,405,406,407,1159,1160,1174,2090,2091,2092,2093,5266,5267
swpdwxc-shekzeer	2026-09-11 14:27:23	2655	399,400,401,402,403,405,1159,1160,1174,2090,2091,2092,2093
swpdxl-shekzeer	2026-09-11 14:27:23	2644	399,400,401,402,403,405,1159,1160,1174,2090,2091,2092,2093
szashå-shekzeer	2026-09-11 14:27:32	2422	399,400,401,402,403,405,1159,1160,1174,2090,2091,2092,2093,5266
tenzøjr-shekzeer	2026-09-11 14:27:26	2485	399,400,401,402,403,405,1159,1160,1174,2090,2091,2092,2093,5266,5267
tokonatsu-shekzeer	2026-09-11 14:27:32	2388	399,400,401,402,403,405,406,1159,1174,2090,2091,2092,2093
trachea-shekzeer	2026-09-11 14:27:31	2431	399,400,401,402,403,405,1159,1160,1174,2090,2091,2092,2093,5266
türtle-garalon	2026-09-11 14:27:31	2420	399,400,401,402,403,404,405,406,407,1159,1160,1161,1174,2090,2091,2092,2093,5266,5267
vahx-shekzeer	2026-09-11 14:27:24	2591	399,400,401,402,403,405,1159,1160,1174,2090,2091,2092,2093,5266
wheelkick-shekzeer	2026-09-11 14:27:33	2369	399,400,401,402,403,405,1159,1174,2090,2092,2093
windpipe-shekzeer	2026-09-11 14:27:25	2502	399,400,401,402,403,405,1159,1160,1174,2090,2091,2092,2093,5266
wodarmsopx-shekzeer	2026-09-11 14:27:26	2505	399,400,401,402,403,1159,1174,2090,2092,2093
wølfgunxz-everlook	2026-09-11 14:27:25	2514	399,400,401,402,403,404,405,406,407,1159,1160,1161,1174,2090,2091,2092,2093,5266,5267
worstpräst-shekzeer	2026-09-11 14:27:26	2486	399,400,401,402,403,405,1159,1160,1174,2090,2091,2092,2093,5266
wwtutweh-shekzeer	2026-09-11 14:27:32	2387	399,400,401,402,403,404,405,406,407,1159,1160,1174,2090,2091,2092,2093,5266
xuen-everlook	2026-09-11 14:27:24	2565	399,400,401,402,403,404,405,406,407,1159,1160,1174,2090,2091,2092,2093,5266,5267
ydé-shekzeer	2026-09-11 14:27:26	2501	399,400,401,402,403,405,406,1159,1160,1174,2090,2091,2092,2093,5266
yey-shekzeer	2026-09-11 14:27:25	2549	399,400,401,402,403,406,1159,1174,2090,2091,2092,2093,5266
yony-shekzeer	2026-09-11 14:27:32	2406	399,400,401,402,403,405,1159,1160,1174,2090,2091,2092,2093,5266,5267
yry-shekzeer	2026-09-11 14:27:32	2415	399,400,401,402,403,406,1159,1174,2090,2091,2092,2093,5266
yusuf-shekzeer	2026-09-11 14:27:24	2551	399,400,401,402,403,404,405,406,407,1159,1160,1161,1174,2090,2091,2092,2093,5266,5267
yuy-shekzeer	2026-09-11 14:27:26	2483	399,400,401,402,403,406,1159,1174,2090,2091,2092,2093,5266
yvachi-shekzeer	2026-09-11 14:27:26	2468	399,400,401,402,403,404,405,406,407,1159,1160,1161,1174,2090,2091,2092,2093,5266,5267
zahada-shekzeer	2026-09-11 14:27:32	2404	399,400,401,402,403,405,1159,1160,1174,2090,2092,2093,5266,5267
zemillion-shekzeer	2026-09-11 14:27:23	2642	399,400,401,402,403,404,405,406,407,1159,1160,1161,1174,2090,2091,2092,2093,5266,5267
zeroimpact-shekzeer	2026-09-11 14:27:31	2424	399,400,401,402,403,405,1159,1160,1174,2090,2092,2093
Сочныиочень-flamegor	2026-09-11 14:27:33	2376	399,400,401,402,403,404,405,406,407,1159,1160,1161,1174,2090,2091,2092,2093,5266,5267
Элементовик-flamegor	2026-09-11 14:27:33	2400	399,400,401,402,403,404,405,406,407,1159,1160,1161,1174,2090,2091,2092,2093,5266,5267
Эрмантраутх-flamegor	2026-09-11 14:27:33	2366	399,400,401,402,403,404,405,406,407,1159,1160,1161,1174,2090,2091,2092,2093,5266,5267
